-0.11094696819782257
0.08667154610157013
0.0465061292052269
-0.03317733481526375
-0.003315995680168271
-0.04013146460056305
-0.022002410143613815
-0.0928499773144722
0.12422185391187668
-0.07281193882226944
0.22265398502349854
-0.08894036710262299
-0.20485438406467438
-0.1104922741651535
-0.080159492790699
0.1073211282491684
-0.1312711238861084
-0.17769427597522736
-0.10204214602708817
-0.07325758785009384
0.05387924984097481
-0.013863337226212025
0.002741509582847357
0.03819635510444641
-0.1595146805047989
-0.299520879983902
-0.12877196073532104
-0.08578221499919891
0.011003537103533745
-0.12615779042243958
-0.027502425014972687
0.03913292661309242
-0.21364904940128326
-0.08376068621873856
-0.006222455762326717
0.01878484897315502
0.05071985721588135
-0.010008884593844414
0.14306478202342987
-0.013515346683561802
-0.15626461803913116
-0.00412749033421278
0.11346825957298279
0.27408695220947266
0.16007159650325775
0.12905246019363403
-0.0579550564289093
-0.045465365052223206
0.025984738022089005
-0.17155608534812927
0.10439787805080414
0.14410386979579926
0.08926650136709213
0.06815794855356216
0.07719716429710388
-0.09402227401733398
0.03860141336917877
0.030713273212313652
-0.11203792691230774
0.0347701795399189
0.05027324706315994
-0.047288816422224045
0.02163045108318329
-0.017549052834510803
0.20100226998329163
0.02844715677201748
-0.05926186963915825
-0.13771502673625946
0.12261106073856354
-0.15702781081199646
-0.03026340715587139
0.07782100141048431
-0.04996644705533981
-0.1186700314283371
-0.2671935558319092
0.056685905903577805
0.4543049931526184
0.14194804430007935
-0.16771455109119415
0.08748893439769745
-0.13134020566940308
-0.1068890169262886
0.07725731283426285
-0.01770131289958954
-0.11530276387929916
0.045261200517416
-0.16559594869613647
0.005710285156965256
0.23367059230804443
0.031025387346744537
-0.03998660668730736
0.18085190653800964
-0.02707487903535366
-0.026811622083187103
0.08629898726940155
0.020785238593816757
-0.13827963173389435
0.023819223046302795
-0.10110531002283096
-0.06223071366548538
0.07517258822917938
-0.05765126273036003
-0.04675577953457832
0.10059183090925217
-0.14152005314826965
0.1035575270652771
0.01586439460515976
-0.02738860808312893
-0.025123991072177887
0.09769660234451294
-0.14245180785655975
-0.10000378638505936
0.11271025985479355
-0.23439019918441772
0.10724932700395584
0.11529182642698288
0.055020205676555634
0.10206573456525803
0.12702061235904694
0.11205476522445679
-0.016711080446839333
0.0078078568913042545
-0.09954038262367249
-0.10377603769302368
0.09002026915550232
-0.019597630947828293
0.1463446021080017
0.058062486350536346
-0.12786023318767548
0.13182185590267181
0.036085065454244614
-0.029234107583761215
-0.040539052337408066
-0.012076087296009064
-0.023584147915244102
-0.09072200953960419
0.14671435952186584
-0.06361780315637589
0.2706545889377594
-0.0638289749622345
-0.21616365015506744
-0.1148771420121193
-0.07806914299726486
0.13000312447547913
-0.12241795659065247
-0.16167676448822021
-0.07732529938220978
-0.02145099639892578
0.10505840182304382
-0.0002166203921660781
0.018268683925271034
0.041422273963689804
-0.1508558690547943
-0.337324857711792
-0.09961450099945068
-0.049623869359493256
-0.01181392464786768
-0.10820309072732925
-0.04501565545797348
0.06500832736492157
-0.19952484965324402
-0.12476815283298492
0.02612205594778061
0.05431601405143738
0.0276959165930748
0.00907548051327467
0.1287093609571457
-0.020980367437005043
-0.18393437564373016
-0.0003119688481092453
0.12548400461673737
0.3021218180656433
0.17046873271465302
0.1294810026884079
-0.027770675718784332
-0.10152684152126312
0.033064790070056915
-0.15303397178649902
0.09351156651973724
0.1436622142791748
0.08263756334781647
0.05768633261322975
0.07703649252653122
-0.1014724001288414
0.03832975775003433
0.023260552436113358
-0.09090667963027954
-0.004327784292399883
0.07954775542020798
-0.0260686744004488
0.047574713826179504
-0.055902350693941116
0.19508130848407745
-0.0008889282471500337
-0.057305958122015
-0.15647628903388977
0.07838570326566696
-0.1235031932592392
-0.05808435380458832
0.08752696216106415
-0.11274909228086472
-0.136811301112175
-0.30981090664863586
0.03696195036172867
0.468532532453537
0.11904352158308029
-0.14181926846504211
0.07616591453552246
-0.08442840725183487
-0.0922316387295723
0.09290342032909393
0.01956447958946228
-0.08914583921432495
0.03355632722377777
-0.16167789697647095
0.03778728097677231
0.23657464981079102
0.007251137867569923
-0.05694517493247986
0.16949284076690674
-0.018559258431196213
-0.006272574886679649
0.08113586902618408
0.053548868745565414
-0.13658100366592407
0.07253596931695938
-0.1331857144832611
-0.05156046897172928
0.04805545508861542
-0.03672146424651146
-0.01763749308884144
0.12400360405445099
-0.1447383463382721
0.07733478397130966
0.002210304606705904
0.020606841892004013
-0.011678576469421387
0.0717690959572792
-0.1587449610233307
-0.10091958194971085
0.08932933956384659
-0.20764131844043732
0.10952965170145035
0.11796922236680984
0.0693494901061058
0.0809175968170166
0.14702293276786804
0.09467045217752457
-0.007126347161829472
0.029790131375193596
-0.12085096538066864
-0.06172466278076172
0.09972695261240005
-0.02522740140557289
0.1607862114906311
0.03167928382754326
-0.11355827003717422
0.1613301783800125
0.01856813207268715
-0.05709786340594292
0.005228306166827679
-0.037053581327199936
-0.0423801988363266
-0.09184830635786057
0.13267236948013306
-0.07556754350662231
0.21702612936496735
-0.07012137025594711
-0.2014329731464386
-0.11733641475439072
-0.05125965178012848
0.08616776764392853
-0.1210305467247963
-0.16955602169036865
-0.1208699494600296
-0.06431187689304352
0.0674755722284317
-0.03056732937693596
0.02881372720003128
0.06479247659444809
-0.20027697086334229
-0.2779598832130432
-0.11688409000635147
-0.08393168449401855
0.010094409808516502
-0.13770510256290436
-0.05393790081143379
0.049219150096178055
-0.206736758351326
-0.09962677210569382
-0.027659520506858826
0.044601526111364365
0.056280042976140976
0.01372319646179676
0.12478314340114594
-0.001144670881330967
-0.15308837592601776
-0.012246683239936829
0.09134811908006668
0.3010939955711365
0.1950206756591797
0.13807645440101624
-0.02485715225338936
-0.052717868238687515
0.061893247067928314
-0.1806718409061432
0.1243283748626709
0.13117405772209167
0.07787875831127167
0.0734693855047226
0.09204040467739105
-0.11125940084457397
0.050972215831279755
0.02191084809601307
-0.09686285257339478
0.01504539791494608
0.052701130509376526
-0.02347218245267868
0.0007502567023038864
-0.043790169060230255
0.1866091936826706
0.04082449898123741
-0.05406944081187248
-0.11857970058917999
0.10833655297756195
-0.15873149037361145
-0.03391095623373985
0.10454942286014557
-0.06628234684467316
-0.11884008347988129
-0.294116348028183
0.05270884186029434
0.43443045020103455
0.18948578834533691
-0.15290699899196625
0.0722983330488205
-0.10028979182243347
-0.09197919815778732
0.08467879891395569
-0.013859035447239876
-0.14323432743549347
0.06802956014871597
-0.15730910003185272
0.03755077347159386
0.23512902855873108
0.029950927942991257
-0.05060792341828346
0.17581264674663544
0.00024847686290740967
-0.008264712989330292
0.08344001322984695
0.030810261145234108
-0.14225967228412628
0.018113192170858383
-0.12000645697116852
-0.03975537419319153
0.07724501192569733
-0.05666070431470871
-0.07089212536811829
0.09873421490192413
-0.1459502875804901
0.11266066879034042
0.023154621943831444
-0.014756879769265652
-0.05153414607048035
0.08966677635908127
-0.14445815980434418
-0.09973708540201187
0.10895541310310364
-0.2149643450975418
0.06572481244802475
0.14093846082687378
0.04635443910956383
0.08911129832267761
0.13823063671588898
0.10882677137851715
-0.010264772921800613
0.022313660010695457
-0.09426671266555786
-0.10305750370025635
0.11607244610786438
-0.02510889619588852
0.14408327639102936
0.042397644370794296
